1 0.123147849
2 0.062459514
3 0.042098296
4 0.03115247
5 0.026107582
6 0.023135704
7 0.018803486
8 0.016100755
9 0.015375025
10 0.012847946
11 0.011893848
12 0.012836302
13 0.010550704
14 0.010746609
15 0.009832212
16 0.010007701
17 0.007758699
18 0.007760761
19 0.00827508
20 0.009168251
21 0.006746728
22 0.007163038
23 0.011061689
24 0.006069979
25 0.015511746
26 0.006599431
27 0.007400388
28 0.006783496
29 0.006150761
30 0.008836647
31 0.005750876
32 0.005643843
33 0.006634144
34 0.005711015
35 0.005147249
36 0.008078189
37 0.004154363
38 0.004277305
39 0.005794447
40 0.004491997
41 0.004243276
42 0.009312223
43 0.003728469
44 0.003653002
45 0.005032792
46 0.005837622
47 0.007531483
48 0.004225386
49 0.003167918
50 0.004116645
51 0.00554579
52 0.00621332
53 0.003739705
54 0.003391992
55 0.004660989
56 0.005736787
57 0.0030291
58 0.005899111
59 0.003947997
60 0.005672158
61 0.004158638
62 0.00844811
63 0.00347025
64 0.002379059
65 0.004912801
66 0.002782525
67 0.003201776
68 0.003269903
69 0.00381503
70 0.003258761
71 0.003007793
72 0.002785804
73 0.002735651
74 0.003119909
75 0.003506981
76 0.003846587
77 0.003990189
78 0.003660754
79 0.003170503
80 0.004196796
81 0.002001048
82 0.002806146
83 0.003916936
84 0.001870954
85 0.00381586
86 0.002681213
87 0.003740166
88 0.002088499
89 0.004725986
90 0.002758324
91 0.003030445
92 0.002076178
93 0.003549946
94 0.003014261
95 0.002935014
96 0.004503121
97 0.002957552
98 0.004508611
99 0.002162526
100 0.001878882
101 0.002525664
102 0.002761474
103 0.003370513
104 0.001951154
105 0.007363691
106 0.002808119
107 0.003582728
108 0.002791027
109 0.003060365
110 0.001994772
111 0.003817086
112 0.001951505
113 0.002758004
114 0.003394254
115 0.002175392
116 0.002732931
117 0.002332296
118 0.002376821
119 0.00160177
120 0.002221122
121 0.002461754
122 0.001552213
123 0.001636157
124 0.001748368
125 0.001925326
